001
008
012
015
017
035
042
043
044
045
048
055
056
057
059
091
092
094
100
101
104
157
160
162
169
181
182
188
200
202
203
204
205
206
207
209
210
221
222
226
228
229
230
231
232
233
234
235
237
241
250
252
253
256
262
265
266
272
273
274
284
287
288
297
298
302
304
308
310
311
316
318
320
322
323
326
329
331
338
345
347
361
362
364
367
372
373
374
375
381
382
384
385
386
388
389
390
391
427
467
468
473
476
477
483
485
486
487
488
497
504
506
510
511
513
514
523
524
526
527
534
535
567
568
569
570
571


